1192665497687306311
1192689595649884360
1193298885473484853
916784291323715604
987669582976270358
815480519805632523
828175010899427329
1192692632309207081
1184959099453046955
824513182047272990
729316985187598427
812198069260779541
1082274516379652187
822826779487109141
858328811144740904
841254668017074186
815875817296756756
1069991964797325392
516912493285605377
1146768444151320586
686954961442963496
1192690223801438228
1196427971897073704
1056283985623396442
1192690724127383642
881580022387843164
1031279333517578250
1192682269513621577
1192660680797593741
1192688281268277269
1122956106810003538
736538642666881034
1069291720459698347
664533678076067856
1173708547243122729
792352352015089665
835555520110395442
1109028468638875658
683016163168616468
860475494268534794
641336417552957440
736520820054032405
665238417323458561
574187915693916160
835177025056276481
523580150823256064
997956647047680080
852597269626748968
684355821030998036
1085266515697336480
874662597260095550
1048530662690390156
1137684311026450553
726161383242072106
917455968013520966
485859003482767360
1190648221115089026
1023631961413128202
711896557221445633
704759609080021094
764779824107225098
756371661535707207
785884043564154890
1026052994179006486
693275757601882192
1178416190109007933
1135928712769044503
418472508602449931
1056171417961513013
567390255825551362
523168897705312294
1083045543359565865
1001617603598491658
689432091389198336
1197573484197458003
732838654275485828
353990593493467146
381047208234975243
741672865098629262
719615439067545653
617306106892648453
1116013832393981962
748144301535395862
924357906747490365
789154585733890048
875764400223584348
1183171324672221228
1153303179233079346
1192687408236474409
655838087271940116
828158780847161364
1192691026796752989
716028920243421265
906609138392506418
1192693099063951424
1192691674401488927
1192678102917189745
503913145673449473
1192670983040028835
1100084183570857994
1192939070758854727
861844632694161421
789469104062201868
912692408716763197
1178289651551846434
1192952421958299901
1056277869669658724
884832333012819988
1053742974774808656
662320644599316530
1192680387684618280
861636417246724096
955420959307870238
887597358857191445
806552995889414175
771396856114053150
564365428059799582
1192689247447171205
1051857948936257566
